1.0 0.61 0.857 0.824 0.692 0.745 0.597 0.7 0.226 0.682 0.758 0.775 0.839 0.707 0.638 0.635 0.797 0.683 0.537 0.443 0.769 
0.568 1.0 0.518 0.575 0.484 0.606 0.462 0.544 0.286 0.55 0.537 0.548 0.55 0.611 0.412 0.403 0.541 0.595 0.389 0.376 0.598 
0.791 0.554 1.0 0.765 0.533 0.713 0.724 0.648 0.319 0.64 0.823 0.661 0.76 0.698 0.605 0.679 0.861 0.646 0.617 0.507 0.686 
0.838 0.603 0.821 1.0 0.57 0.708 0.644 0.621 0.257 0.689 0.8 0.739 0.763 0.703 0.614 0.599 0.845 0.699 0.53 0.49 0.733 
0.722 0.492 0.549 0.57 1.0 0.582 0.377 0.533 0.135 0.673 0.485 0.664 0.637 0.5 0.527 0.512 0.516 0.595 0.319 0.276 0.752 
0.699 0.647 0.683 0.688 0.577 1.0 0.565 0.615 0.209 0.798 0.711 0.676 0.652 0.843 0.523 0.487 0.725 0.736 0.455 0.402 0.762 
0.563 0.487 0.691 0.595 0.363 0.534 1.0 0.571 0.386 0.539 0.692 0.51 0.544 0.556 0.564 0.615 0.664 0.491 0.71 0.654 0.49 
0.651 0.571 0.624 0.606 0.492 0.598 0.611 1.0 0.242 0.667 0.577 0.617 0.651 0.685 0.473 0.533 0.68 0.581 0.456 0.4 0.621 
0.203 0.256 0.282 0.231 0.124 0.188 0.347 0.222 1.0 0.178 0.315 0.175 0.22 0.208 0.214 0.218 0.306 0.139 0.362 0.368 0.167 
0.664 0.594 0.619 0.658 0.636 0.755 0.555 0.667 0.199 1.0 0.591 0.68 0.655 0.732 0.479 0.484 0.641 0.689 0.443 0.348 0.761 
0.723 0.57 0.803 0.722 0.481 0.698 0.716 0.591 0.352 0.596 1.0 0.699 0.742 0.664 0.594 0.629 0.794 0.564 0.619 0.53 0.653 
0.804 0.591 0.65 0.739 0.695 0.781 0.549 0.679 0.191 0.778 0.717 1.0 0.766 0.657 0.546 0.577 0.711 0.574 0.445 0.398 0.814 
0.783 0.581 0.742 0.677 0.6 0.664 0.572 0.656 0.242 0.699 0.724 0.745 1.0 0.652 0.587 0.613 0.679 0.576 0.471 0.433 0.697 
0.678 0.657 0.664 0.672 0.496 0.824 0.556 0.692 0.229 0.732 0.631 0.632 0.61 1.0 0.497 0.497 0.719 0.675 0.45 0.401 0.689 
0.638 0.449 0.662 0.618 0.51 0.572 0.616 0.523 0.222 0.511 0.624 0.58 0.611 0.549 1.0 0.657 0.604 0.564 0.608 0.494 0.603 
0.682 0.459 0.745 0.638 0.526 0.543 0.671 0.587 0.226 0.529 0.658 0.601 0.66 0.549 0.669 1.0 0.653 0.519 0.62 0.519 0.601 
0.754 0.57 0.833 0.784 0.489 0.725 0.687 0.685 0.348 0.641 0.781 0.643 0.705 0.739 0.554 0.59 1.0 0.667 0.568 0.522 0.678 
0.7 0.676 0.667 0.677 0.581 0.804 0.536 0.621 0.153 0.753 0.586 0.583 0.603 0.76 0.519 0.497 0.694 1.0 0.456 0.393 0.759 
0.503 0.411 0.624 0.53 0.317 0.468 0.772 0.469 0.395 0.456 0.645 0.435 0.497 0.458 0.572 0.589 0.597 0.446 1.0 0.754 0.438 
0.466 0.385 0.532 0.51 0.284 0.404 0.663 0.41 0.391 0.357 0.533 0.416 0.45 0.409 0.524 0.547 0.542 0.415 0.783 1.0 0.382 
0.755 0.642 0.697 0.714 0.697 0.837 0.517 0.655 0.186 0.814 0.637 0.718 0.673 0.753 0.574 0.542 0.707 0.739 0.441 0.366 1.0 
